-85.0
-82.5
-76.0
-75.0
-70.0
-67.5
-65.0
-64.0
-63.583333333333336
-61.0
-60.0
-59.0
-58.5
-58.0
-57.5
-57.0
-56.5
-55.0
-54.5
-54.0
-53.5
-53.166666666666664
-53.0
-52.5
-51.5
-51.0
-50.75
-50.0
-49.0
-48.166666666666664
-48.0
-46.5
-46.0
-45.5
-44.0
-43.0
-42.0
-40.0
-39.75
-39.583333333333336
-37.0
-36.75
-36.0
-35.0
-33.0
-31.166666666666668
-30.0
-29.5
-29.166666666666668
-28.0
-27.25
-26.5
-25.5
-24.583333333333332
-24.5
-24.383333333333333
-24.0
-22.0
-20.0
-19.25
-19.0
-18.25
-17.0
-16.0
-15.0
-14.5
-12.033333333333333
-11.666666666666666
-11.0
-10.0
-9.0
-8.0
-7.0
-6.0
-4.0
-3.25
-1.75
0.0
1.5
1.75
2.0
2.75
3.0
4.0
4.5
5.5
6.0
6.25
7.0
7.5
8.0
8.5
9.916666666666666
10.0
11.0
11.833333333333334
12.0
12.5
12.833333333333334
13.5
14.0
14.333333333333334
15.0
15.5
15.75
16.0
16.166666666666668
17.5
18.0
18.5
19.0
19.166666666666668
19.5
20.0
20.5
21.0
21.083333333333332
21.25
21.5
22.0
22.833333333333332
23.5
23.75
25.0
25.5
26.0
27.0
27.25
27.5
28.0
28.5
29.0
30.0
30.666666666666668
30.75
31.333333333333332
32.0
32.083333333333336
33.0
33.5
34.0
34.5
35.0
35.5
36.0
36.5
36.75
39.75
40.0
42.0
43.5
43.75
44.0
44.5
45.0
46.0
47.0
47.5
48.0
48.5
50.0
50.5
51.5
52.5
52.75
53.0
54.0
54.833333333333336
55.0
55.5
56.0
56.25
57.0
57.5
58.0
58.5
59.083333333333336
59.5
60.0
60.916666666666664
61.5
62.0
63.0
64.0
66.0
66.5
67.0
68.0
70.0
73.5
75.0
77.0
80.0
82.0
85.0
86.0
86.16666666666667
86.5
88.0
89.0
89.5
90.0
