0.06666666666666667
0.14166666666666666
0.16666666666666666
0.3333333333333333
0.7166666666666667
0.75
0.85
0.8666666666666667
1.1166666666666667
1.3333333333333333
1.3666666666666667
1.4083333333333334
1.5833333333333333
1.6666666666666667
1.7
1.8333333333333333
1.9083333333333334
1.9166666666666667
2.0
2.0416666666666665
2.1666666666666665
2.3333333333333335
2.4166666666666665
2.433333333333333
2.5166666666666666
2.566666666666667
2.65
2.6666666666666665
2.716666666666667
3.0
3.1
3.1666666666666665
3.2
3.283333333333333
3.3333333333333335
3.3666666666666667
3.4166666666666665
3.5
3.5083333333333333
3.5833333333333335
3.75
3.8333333333333335
3.8666666666666667
4.0
4.083333333333333
4.266666666666667
4.333333333333333
4.5
4.583333333333333
4.616666666666666
4.666666666666667
4.691666666666666
4.7
4.75
4.833333333333333
4.916666666666667
4.966666666666667
5.0
5.083333333333333
5.333333333333333
5.5
5.6
5.7
5.766666666666667
5.833333333333333
5.883333333333334
6.0
6.1
6.116666666666666
6.166666666666667
6.216666666666667
6.241666666666666
6.308333333333334
6.5
6.533333333333333
6.583333333333333
6.8
6.833333333333333
6.933333333333334
7.0
7.016666666666667
7.2
7.366666666666666
7.5
7.666666666666667
7.75
7.808333333333334
7.883333333333334
7.925
7.966666666666667
8.0
8.083333333333334
8.166666666666666
8.366666666666667
8.416666666666666
8.45
8.583333333333334
8.833333333333334
9.033333333333333
9.083333333333334
9.166666666666666
9.25
9.366666666666667
9.583333333333334
9.75
9.883333333333333
10.166666666666666
10.25
10.5
10.583333333333334
10.666666666666666
10.75
10.783333333333333
10.833333333333334
11.0
11.25
11.333333333333334
11.5
11.516666666666667
11.833333333333334
11.866666666666667
12.0
12.083333333333334
12.25
12.333333333333334
12.583333333333334
12.833333333333334
13.0
13.25
13.5
13.583333333333334
13.666666666666666
13.958333333333334
14.0
14.033333333333333
14.166666666666666
14.25
14.416666666666666
14.5
14.533333333333333
14.666666666666666
14.75
14.916666666666666
15.05
15.083333333333334
15.166666666666666
15.183333333333334
15.25
15.333333333333334
15.433333333333334
15.666666666666666
15.75
15.916666666666666
16.0
16.033333333333335
16.083333333333332
16.166666666666668
16.266666666666666
16.333333333333332
16.375
16.420833333333334
16.533333333333335
16.583333333333332
16.75
16.833333333333332
17.0
17.166666666666668
17.25
17.5
17.583333333333332
17.6
17.666666666666668
17.833333333333332
17.966666666666665
18.0
18.175
18.233333333333334
18.25
18.366666666666667
18.425
18.583333333333332
18.662222222222223
18.866666666666667
19.0
19.083333333333332
19.166666666666668
19.25
19.258333333333333
19.358333333333334
19.4
19.416666666666668
19.666666666666668
19.766666666666666
19.833333333333332
20.0
20.141666666666666
20.166666666666668
20.25
20.3
20.333333333333332
20.416666666666668
20.533333333333335
20.536666666666665
20.566666666666666
20.6
20.666666666666668
20.833333333333332
20.875
20.916666666666668
21.0
21.05
21.116666666666667
21.25
21.333333333333332
21.416666666666668
21.466666666666665
21.666666666666668
21.733333333333334
21.866666666666667
21.875
21.908333333333335
21.966666666666665
22.0
22.133333333333333
22.316666666666666
22.75
22.816666666666666
22.866666666666667
23.0
23.166666666666668
23.333333333333332
23.5
23.583333333333332
23.75
23.833333333333332
23.916666666666668
24.0
